%Problem 2

MaxFactorialInIEEESinglePrecision =

    13

%Problem 3

product =
 
5*x^5 - 2*x^4 + 6*x^3 + 7*x^2 - 2*x
 
 
quotient =
 
5*x + 8
 
 
remainder =
 
- 3*x - 16
 
 
derivative =
 
15*x^2 + 6*x - 1
 

ans =

Adding the polynomials yields:4*x^2 - 2*x + 5*x^3 + 2


ans =

     0     5     4    -2     2

%Problem 5

FirstInitialValuesy_100 =

     7.888609052210118e-31


SecondInitialValuesy_100 =

    -5.864062014805333e+12

%Problem 6 (EC)

ups =

   1.860104021165666


lws =

   1.860009722060046


n =

    36

>> 